%!PS-Adobe-3.0 EPSF-3.0
%%Creator: (MATLAB, The MathWorks, Inc. Version 25.2.0.2998904 R2025b. Operating System: Microsoft Windows 11 家庭版 中文版)
%%Title: ./fig07_da_scaling.eps
%%CreationDate: 2026-07-10T14:42:31
%%Pages: (atend)
%%BoundingBox:    0     0   478   178
%%LanguageLevel: 3
%%EndComments
/bd{bind def}bind def
/ld{load def}bd
/GR/grestore ld
/GS/gsave ld
/RM/rmoveto ld
/C/curveto ld
/t/show ld
/L/lineto ld
/RL/rlineto ld
/ML/setmiterlimit ld
/CT/concat ld
/f/fill ld
/N/newpath ld
/S/stroke ld
/CC/setcmykcolor ld
/A/ashow ld
/cp/closepath ld
/RC/setrgbcolor ld
/LJ/setlinejoin ld
/GC/setgray ld
/LW/setlinewidth ld
/LC/setlinecap ld
/LJ/setlinejoin ld
/SD/setdash ld
/M/moveto ld
/TX/translate ld
/R/rotate ld
/SC/scale ld

/CIRC {0 360 arc}bd
/F {exch findfont exch scalefont setfont}bd
/edef{ exch def } def
/scaleImg{ % width height outputDPI scaleImg
   /outputDPI edef
   /height edef
   /width edef
   /psDPI 72 def
   /sDPI psDPI outputDPI div def % DPI scale
   width sDPI mul % width * (psDPI / outputDPI)
   height sDPI mul
   scale
} def

% LineAttribute methods.linewidth linejoin linecap [dashpattern] dashOffset colorVal(s) <method>
/LAG {setgray setdash setlinecap setlinejoin setlinewidth} bd
/LAR {setrgbcolor setdash setlinecap setlinejoin setlinewidth} bd
/LAC {setcmykcolor setdash setlinecap setlinejoin setlinewidth} bd

% draw line impl
/DL { % VertexList NVerts StartPt DL
  N moveto { lineto } repeat stroke} def
% draw unfilled polyline impl
/DPL { % VertexList NVerts StartPt DPL
  N moveto { lineto } repeat closepath stroke} def
% draw filled polyline impl
/DPLF { % VertexList NVerts StartPt DPLF
  N moveto { lineto } repeat closepath fill } def
/DRL { % VertexList NVerts StartPt DRL
  N moveto { rlineto } repeat stroke} def
% draw unfilled polyline impl
/DRPL { % VertexList NVerts StartPt DRPL
  N moveto { rlineto } repeat closepath stroke} def
% draw filled polyline impl
/DRPLF { % VertexList NVerts StartPt DRPLF
  N moveto { rlineto } repeat closepath fill } def

%%Page: 1 1
%%PageBoundingBox:    0     0   478   178
%%BeginPageSetup
N
0 0 M
477.71 0 L
477.71 177.71 L
0 177.71 L
cp
clip
1.00 GC
0 177.71 477.71 177.71 477.71 0 3 0 0 DPLF
[   0.6 0 0  -0.6 0 177.708] CT
%%EndPageSetup
-16.49 -9 TX
1.00 LW
374 15 374 259 56 259 3 56 15 DPLF
1.33 2 0 [1 3 ] 0 0.90 LAG
56 259 1 56 15 DL
135.5 259 1 135.5 15 DL
215 259 1 215 15 DL
294.5 259 1 294.5 15 DL
374 259 1 374 15 DL
374 259 1 56 259 DL
374 218.33 1 56 218.33 DL
374 177.67 1 56 177.67 DL
374 137 1 56 137 DL
374 96.33 1 56 96.33 DL
374 55.67 1 56 55.67 DL
374 15 1 56 15 DL
/Arial 16.6667 F
0.13 GC
GS
192.5 302.18 M
1 -1 scale
(sqrt\(d\)) t
GR
1.33 2 2 [] 0 0.13 LAG
374 259 1 56 259 DL
56 259 1 56 262.18 DL
135.5 259 1 135.5 262.18 DL
215 259 1 215 262.18 DL
294.5 259 1 294.5 262.18 DL
374 259 1 374 262.18 DL
/Arial 15 F
GS
52 282.51 M
1 -1 scale
(2) t
GR
GS
131.5 282.51 M
1 -1 scale
(3) t
GR
GS
211 282.51 M
1 -1 scale
(4) t
GR
GS
290.5 282.51 M
1 -1 scale
(5) t
GR
GS
370 282.51 M
1 -1 scale
(6) t
GR
/Arial 16.6667 F
GS
28.49 212 M
1 -1 scale
90 R
(DA/IA tightening ratio) t
GR
56 15 1 56 259 DL
56 259 1 52.82 259 DL
56 218.33 1 52.82 218.33 DL
56 177.67 1 52.82 177.67 DL
56 137 1 52.82 137 DL
56 96.33 1 52.82 96.33 DL
56 55.67 1 52.82 55.67 DL
56 15 1 52.82 15 DL
/Arial 15 F
GS
38.49 264 M
1 -1 scale
(1) t
GR
GS
38.49 223.33 M
1 -1 scale
(2) t
GR
GS
38.49 182.67 M
1 -1 scale
(3) t
GR
GS
38.49 142 M
1 -1 scale
(4) t
GR
GS
38.49 101.33 M
1 -1 scale
(5) t
GR
GS
38.49 60.67 M
1 -1 scale
(6) t
GR
GS
38.49 20 M
1 -1 scale
(7) t
GR
0.65 0.79 0.88 RC
N
56 202.18 2.04 CIRC
cp
f
N
56 216.48 2.04 CIRC
cp
f
N
56 225.51 2.04 CIRC
cp
f
N
56 230.55 2.04 CIRC
cp
f
N
56 226.57 2.04 CIRC
cp
f
N
56 228.23 2.04 CIRC
cp
f
N
56 241.97 2.04 CIRC
cp
f
N
56 232.86 2.04 CIRC
cp
f
N
56 216.96 2.04 CIRC
cp
f
N
56 247.23 2.04 CIRC
cp
f
N
56 236.21 2.04 CIRC
cp
f
N
56 205.03 2.04 CIRC
cp
f
N
56 220.29 2.04 CIRC
cp
f
N
56 218.03 2.04 CIRC
cp
f
N
56 219.74 2.04 CIRC
cp
f
N
121.86 184.3 2.04 CIRC
cp
f
N
121.86 225.01 2.04 CIRC
cp
f
N
121.86 203.38 2.04 CIRC
cp
f
N
121.86 178.47 2.04 CIRC
cp
f
N
121.86 170.52 2.04 CIRC
cp
f
N
121.86 219.74 2.04 CIRC
cp
f
N
121.86 159.87 2.04 CIRC
cp
f
N
121.86 209.65 2.04 CIRC
cp
f
N
121.86 172.95 2.04 CIRC
cp
f
N
121.86 225.32 2.04 CIRC
cp
f
N
121.86 193.74 2.04 CIRC
cp
f
N
121.86 167.96 2.04 CIRC
cp
f
N
121.86 169.51 2.04 CIRC
cp
f
N
121.86 220.51 2.04 CIRC
cp
f
N
121.86 217.73 2.04 CIRC
cp
f
N
172.4 159.25 2.04 CIRC
cp
f
N
172.4 198.17 2.04 CIRC
cp
f
N
172.4 162.3 2.04 CIRC
cp
f
N
172.4 151.99 2.04 CIRC
cp
f
N
172.4 142.05 2.04 CIRC
cp
f
N
172.4 165.89 2.04 CIRC
cp
f
N
172.4 199.88 2.04 CIRC
cp
f
N
172.4 164.37 2.04 CIRC
cp
f
N
172.4 189.87 2.04 CIRC
cp
f
N
172.4 175.44 2.04 CIRC
cp
f
N
172.4 179.58 2.04 CIRC
cp
f
N
172.4 178.58 2.04 CIRC
cp
f
N
172.4 161.11 2.04 CIRC
cp
f
N
172.4 150.77 2.04 CIRC
cp
f
N
172.4 162.08 2.04 CIRC
cp
f
N
215 117.38 2.04 CIRC
cp
f
N
215 132.17 2.04 CIRC
cp
f
N
215 133.17 2.04 CIRC
cp
f
N
215 97.04 2.04 CIRC
cp
f
N
215 161.52 2.04 CIRC
cp
f
N
215 155.13 2.04 CIRC
cp
f
N
215 128.79 2.04 CIRC
cp
f
N
215 171.18 2.04 CIRC
cp
f
N
215 148.22 2.04 CIRC
cp
f
N
215 181.63 2.04 CIRC
cp
f
N
215 147.13 2.04 CIRC
cp
f
N
215 141.65 2.04 CIRC
cp
f
N
215 165.02 2.04 CIRC
cp
f
N
215 138.33 2.04 CIRC
cp
f
N
215 105.32 2.04 CIRC
cp
f
N
252.53 130.57 2.04 CIRC
cp
f
N
252.53 76.67 2.04 CIRC
cp
f
N
252.53 138.85 2.04 CIRC
cp
f
N
252.53 111.5 2.04 CIRC
cp
f
N
252.53 110.52 2.04 CIRC
cp
f
N
252.53 116.79 2.04 CIRC
cp
f
N
252.53 84.21 2.04 CIRC
cp
f
N
252.53 127.1 2.04 CIRC
cp
f
N
252.53 153.06 2.04 CIRC
cp
f
N
252.53 101.24 2.04 CIRC
cp
f
N
252.53 143.79 2.04 CIRC
cp
f
N
252.53 132.81 2.04 CIRC
cp
f
N
252.53 117.19 2.04 CIRC
cp
f
N
252.53 125.16 2.04 CIRC
cp
f
N
252.53 125.33 2.04 CIRC
cp
f
N
286.47 113.76 2.04 CIRC
cp
f
N
286.47 164.02 2.04 CIRC
cp
f
N
286.47 75.65 2.04 CIRC
cp
f
N
286.47 102.17 2.04 CIRC
cp
f
N
286.47 107.23 2.04 CIRC
cp
f
N
286.47 103.9 2.04 CIRC
cp
f
N
286.47 78.91 2.04 CIRC
cp
f
N
286.47 116.57 2.04 CIRC
cp
f
N
286.47 112.46 2.04 CIRC
cp
f
N
286.47 128.35 2.04 CIRC
cp
f
N
286.47 176.63 2.04 CIRC
cp
f
N
286.47 65.69 2.04 CIRC
cp
f
N
286.47 98.44 2.04 CIRC
cp
f
N
286.47 61.48 2.04 CIRC
cp
f
N
286.47 104.83 2.04 CIRC
cp
f
N
346.72 74.9 2.04 CIRC
cp
f
N
346.72 131.51 2.04 CIRC
cp
f
N
346.72 107.61 2.04 CIRC
cp
f
N
346.72 85.85 2.04 CIRC
cp
f
N
346.72 113.67 2.04 CIRC
cp
f
N
346.72 117.56 2.04 CIRC
cp
f
N
346.72 71.53 2.04 CIRC
cp
f
N
346.72 94.65 2.04 CIRC
cp
f
N
346.72 117.21 2.04 CIRC
cp
f
N
346.72 48.67 2.04 CIRC
cp
f
N
346.72 93.92 2.04 CIRC
cp
f
N
346.72 103.21 2.04 CIRC
cp
f
N
346.72 95.05 2.04 CIRC
cp
f
N
346.72 80.43 2.04 CIRC
cp
f
N
346.72 86.02 2.04 CIRC
cp
f
3.33 2 0 [] 0 1.00 0.50 0.05 LAR
56 227.69 1 56 211.42 DL
121.86 207.76 1 121.86 189.87 DL
172.4 178.07 1 172.4 161.81 DL
215 150.42 1 215 128.05 DL
252.53 146.76 1 252.53 124.8 DL
286.47 130.49 1 286.47 99.59 DL
346.72 108.53 1 346.72 87.39 DL
56 195.15 1 56 211.42 DL
121.86 171.97 1 121.86 189.87 DL
172.4 145.54 1 172.4 161.81 DL
215 105.69 1 215 128.05 DL
252.53 102.84 1 252.53 124.8 DL
286.47 68.68 1 286.47 99.59 DL
346.72 66.24 1 346.72 87.39 DL
60.251 -12.2 33.934 -25.213 37.535 -3.253 42.604 -33.753 50.536 -28.06 65.86 -21.553 6 56 211.42 DRL
N
56 211.42 6.67 CIRC
cp
f
N
3.33 0 0 [] 0 1.00 0.50 0.05 LAR
56 211.42 6.67 CIRC
S
N
121.86 189.87 6.67 CIRC
cp
f
N
121.86 189.87 6.67 CIRC
S
N
172.4 161.81 6.67 CIRC
cp
f
N
172.4 161.81 6.67 CIRC
S
N
215 128.05 6.67 CIRC
cp
f
N
215 128.05 6.67 CIRC
S
N
252.53 124.8 6.67 CIRC
cp
f
N
252.53 124.8 6.67 CIRC
S
N
286.47 99.59 6.67 CIRC
cp
f
N
286.47 99.59 6.67 CIRC
S
N
346.72 87.39 6.67 CIRC
cp
f
N
346.72 87.39 6.67 CIRC
S
61 227.69 1 51 227.69 DL
126.86 207.76 1 116.86 207.76 DL
177.4 178.07 1 167.4 178.07 DL
220 150.42 1 210 150.42 DL
257.53 146.76 1 247.53 146.76 DL
291.47 130.49 1 281.47 130.49 DL
351.72 108.53 1 341.72 108.53 DL
61 195.15 1 51 195.15 DL
126.86 171.97 1 116.86 171.97 DL
177.4 145.54 1 167.4 145.54 DL
220 105.69 1 210 105.69 DL
257.53 102.84 1 247.53 102.84 DL
291.47 68.68 1 281.47 68.68 DL
351.72 66.24 1 341.72 66.24 DL
2.67 2 0 [8 8 ] 0 0.17 0.63 0.17 LAR
3.68 -1.687 3.68 -1.687 3.68 -1.687 3.68 -1.687 3.68 -1.687 3.68 -1.687 3.68 -1.687 3.68 -1.687 3.68 -1.687 3.68 -1.687 3.68 -1.687 3.68 -1.687 3.68 -1.687 3.68 -1.687 3.68 -1.687 3.68 -1.687 3.68 -1.687 
3.68 -1.687 3.68 -1.687 3.68 -1.687 3.68 -1.687 3.68 -1.687 3.68 -1.687 3.68 -1.687 3.68 -1.687 3.68 -1.687 3.68 -1.687 3.68 -1.687 3.68 -1.687 3.68 -1.687 3.68 -1.687 3.68 -1.687 3.68 -1.687 3.68 -1.687 
3.68 -1.687 3.68 -1.687 3.68 -1.687 3.68 -1.687 3.68 -1.687 3.68 -1.687 3.68 -1.687 3.68 -1.687 3.68 -1.687 3.68 -1.687 3.68 -1.687 3.68 -1.687 3.68 -1.687 3.68 -1.687 3.68 -1.687 3.68 -1.687 3.68 -1.687 
3.68 -1.687 3.68 -1.687 3.68 -1.687 3.68 -1.687 3.68 -1.687 3.68 -1.687 3.68 -1.687 3.68 -1.687 3.68 -1.687 3.68 -1.687 3.68 -1.687 3.68 -1.687 3.68 -1.687 3.68 -1.687 3.68 -1.687 3.68 -1.687 3.68 -1.687 
3.68 -1.687 3.68 -1.687 3.68 -1.687 3.68 -1.687 3.68 -1.687 3.68 -1.687 3.68 -1.687 3.68 -1.687 3.68 -1.687 3.68 -1.687 3.68 -1.687 79 56 212.61 DRL
/Arial-Bold 18.3333 F
0.13 GC
GS
63 42 M
1 -1 scale
(\(a\) Scaling: r) t
GR
/Arial-Bold 14.6667 F
GS
172 33 M
1 -1 scale
(2) t
GR
/Arial-Bold 18.3333 F
GS
180 42 M
1 -1 scale
(=0.975) t
GR
0.65 0.79 0.88 RC
N
99.05 39.14 5 CIRC
cp
f
3.33 2 0 [] 0 1.00 0.50 0.05 LAR
124.1 57 1 74.01 57 DL
3.33 0 0 [] 0 1.00 0.50 0.05 LAR
104.05 63.46 1 94.05 63.46 DL
104.05 50.54 1 94.05 50.54 DL
3.33 2 0 [] 0 1.00 0.50 0.05 LAR
99.05 50.54 1 99.05 63.46 DL
N
99.05 57 5 CIRC
cp
f
N
3.33 0 0 [] 0 1.00 0.50 0.05 LAR
99.05 57 5 CIRC
S
2.67 2 0 [8 8 ] 0 0.17 0.63 0.17 LAR
124.1 74.86 1 74.01 74.86 DL
/Arial 15 F
0.13 GC
GS
127.86 44.14 M
1 -1 scale
(seeds) t
GR
GS
127.86 62 M
1 -1 scale
(mean+/-std) t
GR
GS
127.86 79.86 M
1 -1 scale
(fit) t
GR
1.00 GC
812 15 812 259 494 259 3 494 15 DPLF
1.33 2 0 [1 3 ] 0 0.90 LAG
516.16 259 1 516.16 15 DL
561.77 259 1 561.77 15 DL
607.39 259 1 607.39 15 DL
653 259 1 653 15 DL
698.61 259 1 698.61 15 DL
744.23 259 1 744.23 15 DL
789.84 259 1 789.84 15 DL
812 259 1 494 259 DL
812 218.33 1 494 218.33 DL
812 177.67 1 494 177.67 DL
812 137 1 494 137 DL
812 96.33 1 494 96.33 DL
812 55.67 1 494 55.67 DL
812 15 1 494 15 DL
0.83 2 0 [] 0 0.13 LAG
812 259 1 494 259 DL
0.12 0.47 0.71 RC
514.85 170.75 514.85 259 504.43 259 3 504.43 170.75 DPLF
560.47 149.2 560.47 259 550.04 259 3 550.04 149.2 DPLF
606.08 121.14 606.08 259 595.66 259 3 595.66 121.14 DPLF
651.7 87.39 651.7 259 641.27 259 3 641.27 87.39 DPLF
697.31 84.13 697.31 259 686.89 259 3 686.89 84.13 DPLF
742.93 58.92 742.93 259 732.5 259 3 732.5 58.92 DPLF
788.54 46.72 788.54 259 778.11 259 3 778.11 46.72 DPLF
0.83 0 0 [] 0 0.13 LAG
514.85 259 514.85 170.75 504.43 170.75 3 504.43 259 DPL
560.47 259 560.47 149.2 550.04 149.2 3 550.04 259 DPL
606.08 259 606.08 121.14 595.66 121.14 3 595.66 259 DPL
651.7 259 651.7 87.39 641.27 87.39 3 641.27 259 DPL
697.31 259 697.31 84.13 686.89 84.13 3 686.89 259 DPL
742.93 259 742.93 58.92 732.5 58.92 3 732.5 259 DPL
788.54 259 788.54 46.72 778.11 46.72 3 778.11 259 DPL
1.00 0.50 0.05 RC
527.89 177.67 527.89 259 517.46 259 3 517.46 177.67 DPLF
573.5 143.98 573.5 259 563.07 259 3 563.07 143.98 DPLF
619.11 118.13 619.11 259 608.69 259 3 608.69 118.13 DPLF
664.73 96.33 664.73 259 654.3 259 3 654.3 96.33 DPLF
710.34 77.13 710.34 259 699.92 259 3 699.92 77.13 DPLF
755.96 59.77 755.96 259 745.53 259 3 745.53 59.77 DPLF
801.57 28.95 801.57 259 791.15 259 3 791.15 28.95 DPLF
0.83 0 0 [] 0 0.13 LAG
527.89 259 527.89 177.67 517.46 177.67 3 517.46 259 DPL
573.5 259 573.5 143.98 563.07 143.98 3 563.07 259 DPL
619.11 259 619.11 118.13 608.69 118.13 3 608.69 259 DPL
664.73 259 664.73 96.33 654.3 96.33 3 654.3 259 DPL
710.34 259 710.34 77.13 699.92 77.13 3 699.92 259 DPL
755.96 259 755.96 59.77 745.53 59.77 3 745.53 259 DPL
801.57 259 801.57 28.95 791.15 28.95 3 791.15 259 DPL
/Arial 16.6667 F
GS
599.5 302.18 M
1 -1 scale
(Hidden width d) t
GR
1.33 2 2 [] 0 0.13 LAG
812 259 1 494 259 DL
516.16 259 1 516.16 262.18 DL
561.77 259 1 561.77 262.18 DL
607.39 259 1 607.39 262.18 DL
653 259 1 653 262.18 DL
698.61 259 1 698.61 262.18 DL
744.23 259 1 744.23 262.18 DL
789.84 259 1 789.84 262.18 DL
/Arial 15 F
GS
512.16 282.51 M
1 -1 scale
(4) t
GR
GS
557.77 282.51 M
1 -1 scale
(8) t
GR
GS
599.39 282.51 M
1 -1 scale
(12) t
GR
GS
645 282.51 M
1 -1 scale
(16) t
GR
GS
690.61 282.51 M
1 -1 scale
(20) t
GR
GS
736.23 282.51 M
1 -1 scale
(24) t
GR
GS
781.84 282.51 M
1 -1 scale
(32) t
GR
/Arial 16.6667 F
GS
466.49 190.5 M
1 -1 scale
90 R
(Ratio vs sqrt\(d\)) t
GR
494 15 1 494 259 DL
494 259 1 490.82 259 DL
494 218.33 1 490.82 218.33 DL
494 177.67 1 490.82 177.67 DL
494 137 1 490.82 137 DL
494 96.33 1 490.82 96.33 DL
494 55.67 1 490.82 55.67 DL
494 15 1 490.82 15 DL
/Arial 15 F
GS
476.49 264 M
1 -1 scale
(0) t
GR
GS
476.49 223.33 M
1 -1 scale
(1) t
GR
GS
476.49 182.67 M
1 -1 scale
(2) t
GR
GS
476.49 142 M
1 -1 scale
(3) t
GR
GS
476.49 101.33 M
1 -1 scale
(4) t
GR
GS
476.49 60.67 M
1 -1 scale
(5) t
GR
GS
476.49 20 M
1 -1 scale
(6) t
GR
/Arial-Bold 18.3333 F
GS
500.72 37.1 M
1 -1 scale
(\(b\) DA/IA ratio vs sqrt\(d\)) t
GR
0.12 0.47 0.71 RC
745.62 32.67 745.62 45.54 695.97 45.54 3 695.97 32.67 DPLF
0.83 0 0 [] 0 0.13 LAG
745.62 45.54 745.62 32.67 695.97 32.67 3 695.97 45.54 DPL
1.00 0.50 0.05 RC
745.62 50.46 745.62 63.33 695.97 63.33 3 695.97 50.46 DPLF
0.83 0 0 [] 0 0.13 LAG
745.62 63.33 745.62 50.46 695.97 50.46 3 695.97 63.33 DPL
/Arial 15 F
GS
749.34 44.1 M
1 -1 scale
(ratio) t
GR
GS
749.34 61.9 M
1 -1 scale
(sqrt\(d\)) t
GR
%%Trailer
%%Pages: 1
%%EOF
