%!PS-Adobe-3.0 EPSF-3.0
%%Creator: (MATLAB, The MathWorks, Inc. Version 25.2.0.2998904 R2025b. Operating System: Microsoft Windows 11 家庭版 中文版)
%%Title: ./fig07_da_scaling.eps
%%CreationDate: 2026-07-10T14:53:13
%%Pages: (atend)
%%BoundingBox:    0     0   477   188
%%LanguageLevel: 3
%%EndComments
/bd{bind def}bind def
/ld{load def}bd
/GR/grestore ld
/GS/gsave ld
/RM/rmoveto ld
/C/curveto ld
/t/show ld
/L/lineto ld
/RL/rlineto ld
/ML/setmiterlimit ld
/CT/concat ld
/f/fill ld
/N/newpath ld
/S/stroke ld
/CC/setcmykcolor ld
/A/ashow ld
/cp/closepath ld
/RC/setrgbcolor ld
/LJ/setlinejoin ld
/GC/setgray ld
/LW/setlinewidth ld
/LC/setlinecap ld
/LJ/setlinejoin ld
/SD/setdash ld
/M/moveto ld
/TX/translate ld
/R/rotate ld
/SC/scale ld

/CIRC {0 360 arc}bd
/F {exch findfont exch scalefont setfont}bd
/edef{ exch def } def
/scaleImg{ % width height outputDPI scaleImg
   /outputDPI edef
   /height edef
   /width edef
   /psDPI 72 def
   /sDPI psDPI outputDPI div def % DPI scale
   width sDPI mul % width * (psDPI / outputDPI)
   height sDPI mul
   scale
} def

% LineAttribute methods.linewidth linejoin linecap [dashpattern] dashOffset colorVal(s) <method>
/LAG {setgray setdash setlinecap setlinejoin setlinewidth} bd
/LAR {setrgbcolor setdash setlinecap setlinejoin setlinewidth} bd
/LAC {setcmykcolor setdash setlinecap setlinejoin setlinewidth} bd

% draw line impl
/DL { % VertexList NVerts StartPt DL
  N moveto { lineto } repeat stroke} def
% draw unfilled polyline impl
/DPL { % VertexList NVerts StartPt DPL
  N moveto { lineto } repeat closepath stroke} def
% draw filled polyline impl
/DPLF { % VertexList NVerts StartPt DPLF
  N moveto { lineto } repeat closepath fill } def
/DRL { % VertexList NVerts StartPt DRL
  N moveto { rlineto } repeat stroke} def
% draw unfilled polyline impl
/DRPL { % VertexList NVerts StartPt DRPL
  N moveto { rlineto } repeat closepath stroke} def
% draw filled polyline impl
/DRPLF { % VertexList NVerts StartPt DRPLF
  N moveto { rlineto } repeat closepath fill } def

%%Page: 1 1
%%PageBoundingBox:    0     0   477   188
%%BeginPageSetup
N
0 0 M
476.31 0 L
476.31 187.41 L
0 187.41 L
cp
clip
1.00 GC
0 187.41 476.31 187.41 476.31 0 3 0 0 DPLF
[   0.6 0 0  -0.6 0 187.408] CT
%%EndPageSetup
-18.82 -9.5 TX
1.00 LW
374 14 374 279 56 279 3 56 14 DPLF
1.33 2 0 [1 3 ] 0 0.90 LAG
56 279 1 56 14 DL
135.5 279 1 135.5 14 DL
215 279 1 215 14 DL
294.5 279 1 294.5 14 DL
374 279 1 374 14 DL
374 279 1 56 279 DL
374 234.83 1 56 234.83 DL
374 190.67 1 56 190.67 DL
374 146.5 1 56 146.5 DL
374 102.33 1 56 102.33 DL
374 58.17 1 56 58.17 DL
374 14 1 56 14 DL
/Arial 15 F
0.13 GC
GS
193.5 318.85 M
1 -1 scale
(sqrt\(d\)) t
GR
1.33 2 2 [] 0 0.13 LAG
374 279 1 56 279 DL
56 279 1 56 282.18 DL
135.5 279 1 135.5 282.18 DL
215 279 1 215 282.18 DL
294.5 279 1 294.5 282.18 DL
374 279 1 374 282.18 DL
/Arial 13.3333 F
GS
52.5 300.18 M
1 -1 scale
(2) t
GR
GS
132 300.18 M
1 -1 scale
(3) t
GR
GS
211.5 300.18 M
1 -1 scale
(4) t
GR
GS
291 300.18 M
1 -1 scale
(5) t
GR
GS
370.5 300.18 M
1 -1 scale
(6) t
GR
/Arial 15 F
GS
29.82 181.5 M
1 -1 scale
90 R
(DA/IA ratio) t
GR
56 14 1 56 279 DL
56 279 1 52.82 279 DL
56 234.83 1 52.82 234.83 DL
56 190.67 1 52.82 190.67 DL
56 146.5 1 52.82 146.5 DL
56 102.33 1 52.82 102.33 DL
56 58.17 1 52.82 58.17 DL
56 14 1 52.82 14 DL
/Arial 13.3333 F
GS
39.82 283.5 M
1 -1 scale
(1) t
GR
GS
39.82 239.33 M
1 -1 scale
(2) t
GR
GS
39.82 195.17 M
1 -1 scale
(3) t
GR
GS
39.82 151 M
1 -1 scale
(4) t
GR
GS
39.82 106.83 M
1 -1 scale
(5) t
GR
GS
39.82 62.67 M
1 -1 scale
(6) t
GR
GS
39.82 18.5 M
1 -1 scale
(7) t
GR
0.65 0.79 0.88 RC
N
56 242.87 2.04 CIRC
cp
f
N
56 216.07 2.04 CIRC
cp
f
N
56 270.43 2.04 CIRC
cp
f
N
56 236.63 2.04 CIRC
cp
f
N
56 223.47 2.04 CIRC
cp
f
N
56 230.48 2.04 CIRC
cp
f
N
56 214.03 2.04 CIRC
cp
f
N
56 219.64 2.04 CIRC
cp
f
N
56 246.58 2.04 CIRC
cp
f
N
56 203.09 2.04 CIRC
cp
f
N
56 219.22 2.04 CIRC
cp
f
N
56 199.22 2.04 CIRC
cp
f
N
56 206.55 2.04 CIRC
cp
f
N
56 236.33 2.04 CIRC
cp
f
N
56 250.15 2.04 CIRC
cp
f
N
121.86 183.5 2.04 CIRC
cp
f
N
121.86 204.61 2.04 CIRC
cp
f
N
121.86 204.02 2.04 CIRC
cp
f
N
121.86 212.69 2.04 CIRC
cp
f
N
121.86 213.54 2.04 CIRC
cp
f
N
121.86 200.05 2.04 CIRC
cp
f
N
121.86 187.81 2.04 CIRC
cp
f
N
121.86 187.81 2.04 CIRC
cp
f
N
121.86 208.34 2.04 CIRC
cp
f
N
121.86 174.57 2.04 CIRC
cp
f
N
121.86 215.71 2.04 CIRC
cp
f
N
121.86 227.43 2.04 CIRC
cp
f
N
121.86 192.93 2.04 CIRC
cp
f
N
121.86 197.88 2.04 CIRC
cp
f
N
121.86 217.27 2.04 CIRC
cp
f
N
172.4 175.02 2.04 CIRC
cp
f
N
172.4 201.3 2.04 CIRC
cp
f
N
172.4 200 2.04 CIRC
cp
f
N
172.4 174.9 2.04 CIRC
cp
f
N
172.4 175.31 2.04 CIRC
cp
f
N
172.4 160.39 2.04 CIRC
cp
f
N
172.4 188.1 2.04 CIRC
cp
f
N
172.4 172.8 2.04 CIRC
cp
f
N
172.4 158.74 2.04 CIRC
cp
f
N
172.4 166.14 2.04 CIRC
cp
f
N
172.4 149.12 2.04 CIRC
cp
f
N
172.4 163.37 2.04 CIRC
cp
f
N
172.4 159.2 2.04 CIRC
cp
f
N
172.4 161.63 2.04 CIRC
cp
f
N
172.4 143.72 2.04 CIRC
cp
f
N
215 151.1 2.04 CIRC
cp
f
N
215 167.66 2.04 CIRC
cp
f
N
215 99.74 2.04 CIRC
cp
f
N
215 126.91 2.04 CIRC
cp
f
N
215 153.93 2.04 CIRC
cp
f
N
215 128.55 2.04 CIRC
cp
f
N
215 130.71 2.04 CIRC
cp
f
N
215 166.42 2.04 CIRC
cp
f
N
215 129.28 2.04 CIRC
cp
f
N
215 140.88 2.04 CIRC
cp
f
N
215 93.88 2.04 CIRC
cp
f
N
215 138.28 2.04 CIRC
cp
f
N
215 163.85 2.04 CIRC
cp
f
N
215 145.25 2.04 CIRC
cp
f
N
215 132.4 2.04 CIRC
cp
f
N
252.53 79.04 2.04 CIRC
cp
f
N
252.53 163.36 2.04 CIRC
cp
f
N
252.53 141.88 2.04 CIRC
cp
f
N
252.53 125.72 2.04 CIRC
cp
f
N
252.53 118.97 2.04 CIRC
cp
f
N
252.53 130.85 2.04 CIRC
cp
f
N
252.53 128.6 2.04 CIRC
cp
f
N
252.53 128.85 2.04 CIRC
cp
f
N
252.53 164.68 2.04 CIRC
cp
f
N
252.53 128.76 2.04 CIRC
cp
f
N
252.53 96.38 2.04 CIRC
cp
f
N
252.53 162.39 2.04 CIRC
cp
f
N
252.53 120.41 2.04 CIRC
cp
f
N
252.53 107.15 2.04 CIRC
cp
f
N
252.53 121.94 2.04 CIRC
cp
f
N
286.47 76.96 2.04 CIRC
cp
f
N
286.47 91.82 2.04 CIRC
cp
f
N
286.47 102.3 2.04 CIRC
cp
f
N
286.47 113.86 2.04 CIRC
cp
f
N
286.47 78.79 2.04 CIRC
cp
f
N
286.47 86.81 2.04 CIRC
cp
f
N
286.47 116.31 2.04 CIRC
cp
f
N
286.47 134.93 2.04 CIRC
cp
f
N
286.47 145.33 2.04 CIRC
cp
f
N
286.47 137.12 2.04 CIRC
cp
f
N
286.47 140.55 2.04 CIRC
cp
f
N
286.47 168.92 2.04 CIRC
cp
f
N
286.47 150.11 2.04 CIRC
cp
f
N
286.47 117.3 2.04 CIRC
cp
f
N
286.47 179.77 2.04 CIRC
cp
f
N
346.72 127.62 2.04 CIRC
cp
f
N
346.72 83.6 2.04 CIRC
cp
f
N
346.72 105.13 2.04 CIRC
cp
f
N
346.72 101.95 2.04 CIRC
cp
f
N
346.72 104.37 2.04 CIRC
cp
f
N
346.72 85.47 2.04 CIRC
cp
f
N
346.72 137.73 2.04 CIRC
cp
f
N
346.72 109.97 2.04 CIRC
cp
f
N
346.72 77.99 2.04 CIRC
cp
f
N
346.72 67.78 2.04 CIRC
cp
f
N
346.72 130.96 2.04 CIRC
cp
f
N
346.72 54.11 2.04 CIRC
cp
f
N
346.72 118.01 2.04 CIRC
cp
f
N
346.72 70.91 2.04 CIRC
cp
f
N
346.72 138.12 2.04 CIRC
cp
f
3.33 2 0 [] 0 1.00 0.50 0.05 LAR
56 244.99 1 56 227.32 DL
121.86 223.35 1 121.86 203.92 DL
172.4 191.11 1 172.4 173.44 DL
215 161.07 1 215 136.78 DL
252.53 157.1 1 252.53 133.25 DL
286.47 139.43 1 286.47 105.87 DL
346.72 115.58 1 346.72 92.62 DL
56 209.66 1 56 227.32 DL
121.86 184.48 1 121.86 203.92 DL
172.4 155.78 1 172.4 173.44 DL
215 112.49 1 215 136.78 DL
252.53 109.4 1 252.53 133.25 DL
286.47 72.3 1 286.47 105.87 DL
346.72 69.65 1 346.72 92.62 DL
60.251 -13.25 33.934 -27.383 37.535 -3.533 42.604 -36.658 50.536 -30.475 65.86 -23.408 6 56 227.32 DRL
N
56 227.32 5.83 CIRC
cp
f
N
3.33 0 0 [] 0 1.00 0.50 0.05 LAR
56 227.32 5.83 CIRC
S
N
121.86 203.92 5.83 CIRC
cp
f
N
121.86 203.92 5.83 CIRC
S
N
172.4 173.44 5.83 CIRC
cp
f
N
172.4 173.44 5.83 CIRC
S
N
215 136.78 5.83 CIRC
cp
f
N
215 136.78 5.83 CIRC
S
N
252.53 133.25 5.83 CIRC
cp
f
N
252.53 133.25 5.83 CIRC
S
N
286.47 105.87 5.83 CIRC
cp
f
N
286.47 105.87 5.83 CIRC
S
N
346.72 92.62 5.83 CIRC
cp
f
N
346.72 92.62 5.83 CIRC
S
61 244.99 1 51 244.99 DL
126.86 223.35 1 116.86 223.35 DL
177.4 191.11 1 167.4 191.11 DL
220 161.07 1 210 161.07 DL
257.53 157.1 1 247.53 157.1 DL
291.47 139.43 1 281.47 139.43 DL
351.72 115.58 1 341.72 115.58 DL
61 209.66 1 51 209.66 DL
126.86 184.48 1 116.86 184.48 DL
177.4 155.78 1 167.4 155.78 DL
220 112.49 1 210 112.49 DL
257.53 109.4 1 247.53 109.4 DL
291.47 72.3 1 281.47 72.3 DL
351.72 69.65 1 341.72 69.65 DL
2.67 2 0 [8 8 ] 0 0.17 0.63 0.17 LAR
3.68 -1.832 3.68 -1.832 3.68 -1.832 3.68 -1.832 3.68 -1.832 3.68 -1.832 3.68 -1.832 3.68 -1.832 3.68 -1.832 3.68 -1.832 3.68 -1.832 3.68 -1.832 3.68 -1.832 3.68 -1.832 3.68 -1.832 3.68 -1.832 3.68 -1.832 
3.68 -1.832 3.68 -1.832 3.68 -1.832 3.68 -1.832 3.68 -1.832 3.68 -1.832 3.68 -1.832 3.68 -1.832 3.68 -1.832 3.68 -1.832 3.68 -1.832 3.68 -1.832 3.68 -1.832 3.68 -1.832 3.68 -1.832 3.68 -1.832 3.68 -1.832 
3.68 -1.832 3.68 -1.832 3.68 -1.832 3.68 -1.832 3.68 -1.832 3.68 -1.832 3.68 -1.832 3.68 -1.832 3.68 -1.832 3.68 -1.832 3.68 -1.832 3.68 -1.832 3.68 -1.832 3.68 -1.832 3.68 -1.832 3.68 -1.832 3.68 -1.832 
3.68 -1.832 3.68 -1.832 3.68 -1.832 3.68 -1.832 3.68 -1.832 3.68 -1.832 3.68 -1.832 3.68 -1.832 3.68 -1.832 3.68 -1.832 3.68 -1.832 3.68 -1.832 3.68 -1.832 3.68 -1.832 3.68 -1.832 3.68 -1.832 3.68 -1.832 
3.68 -1.832 3.68 -1.832 3.68 -1.832 3.68 -1.832 3.68 -1.832 3.68 -1.832 3.68 -1.832 3.68 -1.832 3.68 -1.832 3.68 -1.832 3.68 -1.832 79 56 228.62 DRL
/Arial-Bold 16.6667 F
0.13 GC
GS
63 40 M
1 -1 scale
(\(a\) Scaling: r) t
GR
/Arial-Bold 13.3333 F
GS
158 32 M
1 -1 scale
(2) t
GR
/Arial-Bold 16.6667 F
GS
165 40 M
1 -1 scale
(=0.975) t
GR
0.65 0.79 0.88 RC
N
99.08 37.95 5 CIRC
cp
f
3.33 2 0 [] 0 1.00 0.50 0.05 LAR
124.14 53.5 1 74.01 53.5 DL
3.33 0 0 [] 0 1.00 0.50 0.05 LAR
104.08 59.1 1 94.08 59.1 DL
104.08 47.9 1 94.08 47.9 DL
3.33 2 0 [] 0 1.00 0.50 0.05 LAR
99.08 47.9 1 99.08 59.1 DL
N
99.08 53.5 5 CIRC
cp
f
N
3.33 0 0 [] 0 1.00 0.50 0.05 LAR
99.08 53.5 5 CIRC
S
2.67 2 0 [8 8 ] 0 0.17 0.63 0.17 LAR
124.14 69.05 1 74.01 69.05 DL
/Arial 13.3333 F
0.13 GC
GS
127.9 42.45 M
1 -1 scale
(seed) t
GR
GS
127.9 58 M
1 -1 scale
(mean) t
GR
GS
127.9 73.55 M
1 -1 scale
(fit) t
GR
1.00 GC
812 14 812 279 494 279 3 494 14 DPLF
1.33 2 0 [1 3 ] 0 0.90 LAG
516.16 279 1 516.16 14 DL
561.77 279 1 561.77 14 DL
607.39 279 1 607.39 14 DL
653 279 1 653 14 DL
698.61 279 1 698.61 14 DL
744.23 279 1 744.23 14 DL
789.84 279 1 789.84 14 DL
812 279 1 494 279 DL
812 234.83 1 494 234.83 DL
812 190.67 1 494 190.67 DL
812 146.5 1 494 146.5 DL
812 102.33 1 494 102.33 DL
812 58.17 1 494 58.17 DL
812 14 1 494 14 DL
0.83 2 0 [] 0 0.13 LAG
812 279 1 494 279 DL
0.12 0.47 0.71 RC
514.85 183.16 514.85 279 504.43 279 3 504.43 183.16 DPLF
560.47 159.75 560.47 279 550.04 279 3 550.04 159.75 DPLF
606.08 129.27 606.08 279 595.66 279 3 595.66 129.27 DPLF
651.7 92.62 651.7 279 641.27 279 3 641.27 92.62 DPLF
697.31 89.08 697.31 279 686.89 279 3 686.89 89.08 DPLF
742.93 61.7 742.93 279 732.5 279 3 732.5 61.7 DPLF
788.54 48.45 788.54 279 778.11 279 3 778.11 48.45 DPLF
0.83 0 0 [] 0 0.13 LAG
514.85 279 514.85 183.16 504.43 183.16 3 504.43 279 DPL
560.47 279 560.47 159.75 550.04 159.75 3 550.04 279 DPL
606.08 279 606.08 129.27 595.66 129.27 3 595.66 279 DPL
651.7 279 651.7 92.62 641.27 92.62 3 641.27 279 DPL
697.31 279 697.31 89.08 686.89 89.08 3 686.89 279 DPL
742.93 279 742.93 61.7 732.5 61.7 3 732.5 279 DPL
788.54 279 788.54 48.45 778.11 48.45 3 778.11 279 DPL
1.00 0.50 0.05 RC
527.89 190.67 527.89 279 517.46 279 3 517.46 190.67 DPLF
573.5 154.08 573.5 279 563.07 279 3 563.07 154.08 DPLF
619.11 126 619.11 279 608.69 279 3 608.69 126 DPLF
664.73 102.33 664.73 279 654.3 279 3 654.3 102.33 DPLF
710.34 81.48 710.34 279 699.92 279 3 699.92 81.48 DPLF
755.96 62.63 755.96 279 745.53 279 3 745.53 62.63 DPLF
801.57 29.16 801.57 279 791.15 279 3 791.15 29.16 DPLF
0.83 0 0 [] 0 0.13 LAG
527.89 279 527.89 190.67 517.46 190.67 3 517.46 279 DPL
573.5 279 573.5 154.08 563.07 154.08 3 563.07 279 DPL
619.11 279 619.11 126 608.69 126 3 608.69 279 DPL
664.73 279 664.73 102.33 654.3 102.33 3 654.3 279 DPL
710.34 279 710.34 81.48 699.92 81.48 3 699.92 279 DPL
755.96 279 755.96 62.63 745.53 62.63 3 745.53 279 DPL
801.57 279 801.57 29.16 791.15 29.16 3 791.15 279 DPL
/Arial 15 F
GS
628.5 318.85 M
1 -1 scale
(Width d) t
GR
1.33 2 2 [] 0 0.13 LAG
812 279 1 494 279 DL
516.16 279 1 516.16 282.18 DL
561.77 279 1 561.77 282.18 DL
607.39 279 1 607.39 282.18 DL
653 279 1 653 282.18 DL
698.61 279 1 698.61 282.18 DL
744.23 279 1 744.23 282.18 DL
789.84 279 1 789.84 282.18 DL
/Arial 13.3333 F
GS
512.66 300.18 M
1 -1 scale
(4) t
GR
GS
558.27 300.18 M
1 -1 scale
(8) t
GR
GS
600.39 300.18 M
1 -1 scale
(12) t
GR
GS
646 300.18 M
1 -1 scale
(16) t
GR
GS
691.61 300.18 M
1 -1 scale
(20) t
GR
GS
737.23 300.18 M
1 -1 scale
(24) t
GR
GS
782.84 300.18 M
1 -1 scale
(32) t
GR
/Arial 15 F
GS
467.82 197 M
1 -1 scale
90 R
(Ratio vs sqrt\(d\)) t
GR
494 14 1 494 279 DL
494 279 1 490.82 279 DL
494 234.83 1 490.82 234.83 DL
494 190.67 1 490.82 190.67 DL
494 146.5 1 490.82 146.5 DL
494 102.33 1 490.82 102.33 DL
494 58.17 1 490.82 58.17 DL
494 14 1 490.82 14 DL
/Arial 13.3333 F
GS
477.82 283.5 M
1 -1 scale
(0) t
GR
GS
477.82 239.33 M
1 -1 scale
(1) t
GR
GS
477.82 195.17 M
1 -1 scale
(2) t
GR
GS
477.82 151 M
1 -1 scale
(3) t
GR
GS
477.82 106.83 M
1 -1 scale
(4) t
GR
GS
477.82 62.67 M
1 -1 scale
(5) t
GR
GS
477.82 18.5 M
1 -1 scale
(6) t
GR
/Arial-Bold 16.6667 F
GS
500.72 34.62 M
1 -1 scale
(\(b\) Measured vs sqrt\(d\)) t
GR
0.12 0.47 0.71 RC
749.6 31.42 749.6 42.79 699.96 42.79 3 699.96 31.42 DPLF
0.83 0 0 [] 0 0.13 LAG
749.6 42.79 749.6 31.42 699.96 31.42 3 699.96 42.79 DPL
1.00 0.50 0.05 RC
749.6 47.21 749.6 58.58 699.96 58.58 3 699.96 47.21 DPLF
0.83 0 0 [] 0 0.13 LAG
749.6 58.58 749.6 47.21 699.96 47.21 3 699.96 58.58 DPL
/Arial 13.3333 F
GS
753.33 41.61 M
1 -1 scale
(ratio) t
GR
GS
753.33 57.39 M
1 -1 scale
(sqrt\(d\)) t
GR
%%Trailer
%%Pages: 1
%%EOF
