%!PS-Adobe-3.0 EPSF-3.0
%%Creator: (MATLAB, The MathWorks, Inc. Version 25.2.0.2998904 R2025b. Operating System: Microsoft Windows 11 家庭版 中文版)
%%Title: ./fig05_da_vs_ia.eps
%%CreationDate: 2026-07-10T13:56:48
%%Pages: (atend)
%%BoundingBox:    0     0   483   184
%%LanguageLevel: 3
%%EndComments
/bd{bind def}bind def
/ld{load def}bd
/GR/grestore ld
/GS/gsave ld
/RM/rmoveto ld
/C/curveto ld
/t/show ld
/L/lineto ld
/RL/rlineto ld
/ML/setmiterlimit ld
/CT/concat ld
/f/fill ld
/N/newpath ld
/S/stroke ld
/CC/setcmykcolor ld
/A/ashow ld
/cp/closepath ld
/RC/setrgbcolor ld
/LJ/setlinejoin ld
/GC/setgray ld
/LW/setlinewidth ld
/LC/setlinecap ld
/LJ/setlinejoin ld
/SD/setdash ld
/M/moveto ld
/TX/translate ld
/R/rotate ld
/SC/scale ld

/CIRC {0 360 arc}bd
/F {exch findfont exch scalefont setfont}bd
/edef{ exch def } def
/scaleImg{ % width height outputDPI scaleImg
   /outputDPI edef
   /height edef
   /width edef
   /psDPI 72 def
   /sDPI psDPI outputDPI div def % DPI scale
   width sDPI mul % width * (psDPI / outputDPI)
   height sDPI mul
   scale
} def

% LineAttribute methods.linewidth linejoin linecap [dashpattern] dashOffset colorVal(s) <method>
/LAG {setgray setdash setlinecap setlinejoin setlinewidth} bd
/LAR {setrgbcolor setdash setlinecap setlinejoin setlinewidth} bd
/LAC {setcmykcolor setdash setlinecap setlinejoin setlinewidth} bd

% draw line impl
/DL { % VertexList NVerts StartPt DL
  N moveto { lineto } repeat stroke} def
% draw unfilled polyline impl
/DPL { % VertexList NVerts StartPt DPL
  N moveto { lineto } repeat closepath stroke} def
% draw filled polyline impl
/DPLF { % VertexList NVerts StartPt DPLF
  N moveto { lineto } repeat closepath fill } def
/DRL { % VertexList NVerts StartPt DRL
  N moveto { rlineto } repeat stroke} def
% draw unfilled polyline impl
/DRPL { % VertexList NVerts StartPt DRPL
  N moveto { rlineto } repeat closepath stroke} def
% draw filled polyline impl
/DRPLF { % VertexList NVerts StartPt DRPLF
  N moveto { rlineto } repeat closepath fill } def

%%Page: 1 1
%%PageBoundingBox:    0     0   483   184
%%BeginPageSetup
N
0 0 M
482.8 0 L
482.8 183.65 L
0 183.65 L
cp
clip
1.00 GC
0 183.65 482.8 183.65 482.8 0 3 0 0 DPLF
[   0.6 0 0  -0.6 0 183.654] CT
%%EndPageSetup
-8 -9 TX
1.00 LW
383 17 383 269 74 269 3 74 17 DPLF
1.33 2 0 [1 3 ] 0 0.90 LAG
74 17 1 74 269 DL
177 17 1 177 269 DL
280 17 1 280 269 DL
383 17 1 383 269 DL
1.33 2 0 [1 3 ] 0 0.87 LAG
74 258.69 1 383 258.69 DL
74 243.98 1 383 243.98 DL
74 231.54 1 383 231.54 DL
74 220.77 1 383 220.77 DL
74 211.27 1 383 211.27 DL
74 146.84 1 383 146.84 DL
74 114.13 1 383 114.13 DL
74 90.92 1 383 90.92 DL
74 72.92 1 383 72.92 DL
74 58.21 1 383 58.21 DL
74 45.78 1 383 45.78 DL
74 35 1 383 35 DL
74 25.5 1 383 25.5 DL
1.33 2 0 [1 3 ] 0 0.90 LAG
74 202.77 1 383 202.77 DL
74 17 1 383 17 DL
1.33 2 2 [] 0 0.13 LAG
383 269 1 74 269 DL
74 272.09 1 74 269 DL
177 272.09 1 177 269 DL
280 272.09 1 280 269 DL
383 272.09 1 383 269 DL
/Arial 15 F
GS
70 292.42 M
1 -1 scale
(5) t
GR
GS
169 292.42 M
1 -1 scale
(10) t
GR
GS
272 292.42 M
1 -1 scale
(15) t
GR
GS
375 292.42 M
1 -1 scale
(20) t
GR
/Arial 16.6667 F
GS
181.5 312.09 M
1 -1 scale
(LUT points N) t
GR
74 17 1 74 269 DL
70.91 202.77 1 74 202.77 DL
70.91 17 1 74 17 DL
72.46 258.69 1 74 258.69 DL
72.46 243.98 1 74 243.98 DL
72.46 231.54 1 74 231.54 DL
72.46 220.77 1 74 220.77 DL
72.46 211.27 1 74 211.27 DL
72.46 202.77 1 74 202.77 DL
72.46 146.84 1 74 146.84 DL
72.46 114.13 1 74 114.13 DL
72.46 90.92 1 74 90.92 DL
72.46 72.92 1 74 72.92 DL
72.46 58.21 1 74 58.21 DL
72.46 45.78 1 74 45.78 DL
72.46 35 1 74 35 DL
72.46 25.5 1 74 25.5 DL
72.46 17 1 74 17 DL
/Arial 15 F
GS
39 210 M
1 -1 scale
(10) t
GR
/Arial 12 F
GS
55 203 M
1 -1 scale
(-1) t
GR
/Arial 15 F
GS
43 24 M
1 -1 scale
(10) t
GR
/Arial 12 F
GS
59 17 M
1 -1 scale
(0) t
GR
/Arial 16.6667 F
GS
20 245 M
1 -1 scale
90 R
(Error bound \(log) t
GR
/Arial 13.3333 F
GS
28 130 M
1 -1 scale
90 R
(10) t
GR
/Arial 16.6667 F
GS
20 116 M
1 -1 scale
90 R
(, absolute\)) t
GR
3.33 2 0 [] 0 0.12 0.47 0.71 LAR
41.2 18.003 61.8 29.214 61.8 79.639 41.2 29.344 41.2 25.62 5 135.8 87.18 DRL
N
135.8 87.18 5 CIRC
cp
f
N
3.33 0 0 [] 0 0.12 0.47 0.71 LAR
135.8 87.18 5 CIRC
S
N
177 112.8 5 CIRC
cp
f
N
177 112.8 5 CIRC
S
N
218.2 142.14 5 CIRC
cp
f
N
218.2 142.14 5 CIRC
S
N
280 221.78 5 CIRC
cp
f
N
280 221.78 5 CIRC
S
N
341.8 251 5 CIRC
cp
f
N
341.8 251 5 CIRC
S
N
383 269 5 CIRC
cp
f
N
383 269 5 CIRC
S
3.33 2 0 [12 12 ] 0 1.00 0.50 0.05 LAR
41.2 17.836 61.8 28.374 61.8 80.41 41.2 29.414 41.2 25.637 5 135.8 23.55 DRL
139.7 19.65 139.7 27.45 131.9 27.45 3 131.9 19.65 DPLF
3.33 0 0 [] 0 1.00 0.50 0.05 LAR
139.7 19.65 139.7 27.45 131.9 27.45 3 131.9 19.65 DPL
180.9 45.29 180.9 53.09 173.1 53.09 3 173.1 45.29 DPLF
180.9 45.29 180.9 53.09 173.1 53.09 3 173.1 45.29 DPL
222.1 74.7 222.1 82.5 214.3 82.5 3 214.3 74.7 DPLF
222.1 74.7 222.1 82.5 214.3 82.5 3 214.3 74.7 DPL
283.9 155.11 283.9 162.91 276.1 162.91 3 276.1 155.11 DPLF
283.9 155.11 283.9 162.91 276.1 162.91 3 276.1 155.11 DPL
345.7 183.49 345.7 191.29 337.9 191.29 3 337.9 183.49 DPLF
345.7 183.49 345.7 191.29 337.9 191.29 3 337.9 183.49 DPL
386.9 201.32 386.9 209.12 379.1 209.12 3 379.1 201.32 DPLF
386.9 201.32 386.9 209.12 379.1 209.12 3 379.1 201.32 DPL
/Arial-Bold 18.3333 F
0.13 GC
GS
80.56 39.3 M
1 -1 scale
(\(a\) Bound vs resolution) t
GR
3.33 2 0 [] 0 0.12 0.47 0.71 LAR
340.16 40.82 1 290.01 40.82 DL
N
315.09 40.82 5 CIRC
cp
f
N
3.33 0 0 [] 0 0.12 0.47 0.71 LAR
315.09 40.82 5 CIRC
S
3.33 2 0 [12 12 ] 0 1.00 0.50 0.05 LAR
340.16 56.18 1 290.01 56.18 DL
318.99 52.28 318.99 60.08 311.19 60.08 3 311.19 52.28 DPLF
3.33 0 0 [] 0 1.00 0.50 0.05 LAR
318.99 52.28 318.99 60.08 311.19 60.08 3 311.19 52.28 DPL
/Arial 13.5 F
0.13 GC
GS
343.93 45.32 M
1 -1 scale
(DA) t
GR
GS
343.93 60.68 M
1 -1 scale
(IA) t
GR
1.00 GC
812 17 812 269 503 269 3 503 17 DPLF
1.33 2 0 [1 3 ] 0 0.90 LAG
528.13 269 1 528.13 17 DL
579.88 269 1 579.88 17 DL
631.63 269 1 631.63 17 DL
683.37 269 1 683.37 17 DL
735.12 269 1 735.12 17 DL
786.87 269 1 786.87 17 DL
812 269 1 503 269 DL
812 218.6 1 503 218.6 DL
812 168.2 1 503 168.2 DL
812 117.8 1 503 117.8 DL
812 67.4 1 503 67.4 DL
812 17 1 503 17 DL
0.83 2 0 [] 0 0.13 LAG
812 269 1 503 269 DL
0.12 0.47 0.71 RC
526.66 163.41 526.66 269 514.83 269 3 514.83 163.41 DPLF
578.4 192.14 578.4 269 566.57 269 3 566.57 192.14 DPLF
630.15 215.58 630.15 269 618.32 269 3 618.32 215.58 DPLF
681.89 249.09 681.89 269 670.07 269 3 670.07 249.09 DPLF
733.64 255.14 733.64 269 721.81 269 3 721.81 255.14 DPLF
785.39 257.91 785.39 269 773.56 269 3 773.56 257.91 DPLF
0.83 0 0 [] 0 0.13 LAG
526.66 269 526.66 163.41 514.83 163.41 3 514.83 269 DPL
578.4 269 578.4 192.14 566.57 192.14 3 566.57 269 DPL
630.15 269 630.15 215.58 618.32 215.58 3 618.32 269 DPL
681.89 269 681.89 249.09 670.07 249.09 3 670.07 269 DPL
733.64 269 733.64 255.14 721.81 255.14 3 721.81 269 DPL
785.39 269 785.39 257.91 773.56 257.91 3 773.56 269 DPL
1.00 0.50 0.05 RC
541.44 36.66 541.44 269 529.61 269 3 529.61 36.66 DPLF
593.19 99.91 593.19 269 581.36 269 3 581.36 99.91 DPLF
644.93 151.57 644.93 269 633.11 269 3 633.11 151.57 DPLF
696.68 225.66 696.68 269 684.85 269 3 684.85 225.66 DPLF
748.43 238.51 748.43 269 736.6 269 3 736.6 238.51 DPLF
800.17 244.56 800.17 269 788.34 269 3 788.34 244.56 DPLF
0.83 0 0 [] 0 0.13 LAG
541.44 269 541.44 36.66 529.61 36.66 3 529.61 269 DPL
593.19 269 593.19 99.91 581.36 99.91 3 581.36 269 DPL
644.93 269 644.93 151.57 633.11 151.57 3 633.11 269 DPL
696.68 269 696.68 225.66 684.85 225.66 3 684.85 269 DPL
748.43 269 748.43 238.51 736.6 238.51 3 736.6 269 DPL
800.17 269 800.17 244.56 788.34 244.56 3 788.34 269 DPL
/Arial 16.6667 F
GS
610.5 312.09 M
1 -1 scale
(LUT points N) t
GR
1.33 2 2 [] 0 0.13 LAG
812 269 1 503 269 DL
528.13 269 1 528.13 272.09 DL
579.88 269 1 579.88 272.09 DL
631.63 269 1 631.63 272.09 DL
683.37 269 1 683.37 272.09 DL
735.12 269 1 735.12 272.09 DL
786.87 269 1 786.87 272.09 DL
/Arial 15 F
GS
524.13 292.42 M
1 -1 scale
(8) t
GR
GS
571.88 292.42 M
1 -1 scale
(10) t
GR
GS
623.63 292.42 M
1 -1 scale
(12) t
GR
GS
675.37 292.42 M
1 -1 scale
(15) t
GR
GS
727.12 292.42 M
1 -1 scale
(18) t
GR
GS
778.87 292.42 M
1 -1 scale
(20) t
GR
/Arial 16.6667 F
GS
463.58 222.5 M
1 -1 scale
90 R
(Error bound \(absolute\)) t
GR
503 17 1 503 269 DL
503 269 1 499.91 269 DL
503 218.6 1 499.91 218.6 DL
503 168.2 1 499.91 168.2 DL
503 117.8 1 499.91 117.8 DL
503 67.4 1 499.91 67.4 DL
503 17 1 499.91 17 DL
/Arial 15 F
GS
485.58 274 M
1 -1 scale
(0) t
GR
GS
473.58 223.6 M
1 -1 scale
(0.2) t
GR
GS
473.58 173.2 M
1 -1 scale
(0.4) t
GR
GS
473.58 122.8 M
1 -1 scale
(0.6) t
GR
GS
473.58 72.4 M
1 -1 scale
(0.8) t
GR
GS
485.58 22 M
1 -1 scale
(1) t
GR
/Arial-Bold 18.3333 F
GS
509.56 39.3 M
1 -1 scale
(\(b\) DA tightening) t
GR
0.12 0.47 0.71 RC
769.51 35.3 769.51 46.35 719.96 46.35 3 719.96 35.3 DPLF
0.83 0 0 [] 0 0.13 LAG
769.51 46.35 769.51 35.3 719.96 35.3 3 719.96 46.35 DPL
1.00 0.50 0.05 RC
769.51 50.65 769.51 61.7 719.96 61.7 3 719.96 50.65 DPLF
0.83 0 0 [] 0 0.13 LAG
769.51 61.7 769.51 50.65 719.96 50.65 3 719.96 61.7 DPL
/Arial 13.5 F
GS
773.22 45.32 M
1 -1 scale
(DA) t
GR
GS
773.22 60.68 M
1 -1 scale
(IA) t
GR
%%Trailer
%%Pages: 1
%%EOF
