%!PS-Adobe-3.0 EPSF-3.0
%%Creator: (MATLAB, The MathWorks, Inc. Version 25.2.0.2998904 R2025b. Operating System: Microsoft Windows 11 家庭版 中文版)
%%Title: ./fig07_da_scaling.eps
%%CreationDate: 2026-07-10T13:56:53
%%Pages: (atend)
%%BoundingBox:    0     0   478   184
%%LanguageLevel: 3
%%EndComments
/bd{bind def}bind def
/ld{load def}bd
/GR/grestore ld
/GS/gsave ld
/RM/rmoveto ld
/C/curveto ld
/t/show ld
/L/lineto ld
/RL/rlineto ld
/ML/setmiterlimit ld
/CT/concat ld
/f/fill ld
/N/newpath ld
/S/stroke ld
/CC/setcmykcolor ld
/A/ashow ld
/cp/closepath ld
/RC/setrgbcolor ld
/LJ/setlinejoin ld
/GC/setgray ld
/LW/setlinewidth ld
/LC/setlinecap ld
/LJ/setlinejoin ld
/SD/setdash ld
/M/moveto ld
/TX/translate ld
/R/rotate ld
/SC/scale ld

/CIRC {0 360 arc}bd
/F {exch findfont exch scalefont setfont}bd
/edef{ exch def } def
/scaleImg{ % width height outputDPI scaleImg
   /outputDPI edef
   /height edef
   /width edef
   /psDPI 72 def
   /sDPI psDPI outputDPI div def % DPI scale
   width sDPI mul % width * (psDPI / outputDPI)
   height sDPI mul
   scale
} def

% LineAttribute methods.linewidth linejoin linecap [dashpattern] dashOffset colorVal(s) <method>
/LAG {setgray setdash setlinecap setlinejoin setlinewidth} bd
/LAR {setrgbcolor setdash setlinecap setlinejoin setlinewidth} bd
/LAC {setcmykcolor setdash setlinecap setlinejoin setlinewidth} bd

% draw line impl
/DL { % VertexList NVerts StartPt DL
  N moveto { lineto } repeat stroke} def
% draw unfilled polyline impl
/DPL { % VertexList NVerts StartPt DPL
  N moveto { lineto } repeat closepath stroke} def
% draw filled polyline impl
/DPLF { % VertexList NVerts StartPt DPLF
  N moveto { lineto } repeat closepath fill } def
/DRL { % VertexList NVerts StartPt DRL
  N moveto { rlineto } repeat stroke} def
% draw unfilled polyline impl
/DRPL { % VertexList NVerts StartPt DRPL
  N moveto { rlineto } repeat closepath stroke} def
% draw filled polyline impl
/DRPLF { % VertexList NVerts StartPt DRPLF
  N moveto { rlineto } repeat closepath fill } def

%%Page: 1 1
%%PageBoundingBox:    0     0   478   184
%%BeginPageSetup
N
0 0 M
477.71 0 L
477.71 183.71 L
0 183.71 L
cp
clip
1.00 GC
0 183.71 477.71 183.71 477.71 0 3 0 0 DPLF
[   0.6 0 0  -0.6 0 183.708] CT
%%EndPageSetup
-16.49 -9 TX
1.00 LW
374 15 374 269 56 269 3 56 15 DPLF
1.33 2 0 [1 3 ] 0 0.90 LAG
56 269 1 56 15 DL
135.5 269 1 135.5 15 DL
215 269 1 215 15 DL
294.5 269 1 294.5 15 DL
374 269 1 374 15 DL
374 269 1 56 269 DL
374 226.67 1 56 226.67 DL
374 184.33 1 56 184.33 DL
374 142 1 56 142 DL
374 99.67 1 56 99.67 DL
374 57.33 1 56 57.33 DL
374 15 1 56 15 DL
/Arial 16.6667 F
0.13 GC
GS
192.5 312.18 M
1 -1 scale
(sqrt\(d\)) t
GR
1.33 2 2 [] 0 0.13 LAG
374 269 1 56 269 DL
56 269 1 56 272.18 DL
135.5 269 1 135.5 272.18 DL
215 269 1 215 272.18 DL
294.5 269 1 294.5 272.18 DL
374 269 1 374 272.18 DL
/Arial 15 F
GS
52 292.51 M
1 -1 scale
(2) t
GR
GS
131.5 292.51 M
1 -1 scale
(3) t
GR
GS
211 292.51 M
1 -1 scale
(4) t
GR
GS
290.5 292.51 M
1 -1 scale
(5) t
GR
GS
370 292.51 M
1 -1 scale
(6) t
GR
/Arial 16.6667 F
GS
28.49 217 M
1 -1 scale
90 R
(DA/IA tightening ratio) t
GR
56 15 1 56 269 DL
56 269 1 52.82 269 DL
56 226.67 1 52.82 226.67 DL
56 184.33 1 52.82 184.33 DL
56 142 1 52.82 142 DL
56 99.67 1 52.82 99.67 DL
56 57.33 1 52.82 57.33 DL
56 15 1 52.82 15 DL
/Arial 15 F
GS
38.49 274 M
1 -1 scale
(1) t
GR
GS
38.49 231.67 M
1 -1 scale
(2) t
GR
GS
38.49 189.33 M
1 -1 scale
(3) t
GR
GS
38.49 147 M
1 -1 scale
(4) t
GR
GS
38.49 104.67 M
1 -1 scale
(5) t
GR
GS
38.49 62.33 M
1 -1 scale
(6) t
GR
GS
38.49 20 M
1 -1 scale
(7) t
GR
0.73 0.84 0.91 RC
N
56 234.37 2.04 CIRC
cp
f
N
56 208.68 2.04 CIRC
cp
f
N
56 260.78 2.04 CIRC
cp
f
N
56 228.39 2.04 CIRC
cp
f
N
56 215.78 2.04 CIRC
cp
f
N
56 222.49 2.04 CIRC
cp
f
N
56 206.73 2.04 CIRC
cp
f
N
56 212.11 2.04 CIRC
cp
f
N
56 237.92 2.04 CIRC
cp
f
N
56 196.24 2.04 CIRC
cp
f
N
56 211.7 2.04 CIRC
cp
f
N
56 192.53 2.04 CIRC
cp
f
N
56 199.56 2.04 CIRC
cp
f
N
56 228.1 2.04 CIRC
cp
f
N
56 241.35 2.04 CIRC
cp
f
N
121.86 177.46 2.04 CIRC
cp
f
N
121.86 197.7 2.04 CIRC
cp
f
N
121.86 197.13 2.04 CIRC
cp
f
N
121.86 205.44 2.04 CIRC
cp
f
N
121.86 206.26 2.04 CIRC
cp
f
N
121.86 193.33 2.04 CIRC
cp
f
N
121.86 181.59 2.04 CIRC
cp
f
N
121.86 181.6 2.04 CIRC
cp
f
N
121.86 201.27 2.04 CIRC
cp
f
N
121.86 168.9 2.04 CIRC
cp
f
N
121.86 208.34 2.04 CIRC
cp
f
N
121.86 219.57 2.04 CIRC
cp
f
N
121.86 186.51 2.04 CIRC
cp
f
N
121.86 191.25 2.04 CIRC
cp
f
N
121.86 209.83 2.04 CIRC
cp
f
N
172.4 169.34 2.04 CIRC
cp
f
N
172.4 194.53 2.04 CIRC
cp
f
N
172.4 193.28 2.04 CIRC
cp
f
N
172.4 169.22 2.04 CIRC
cp
f
N
172.4 169.62 2.04 CIRC
cp
f
N
172.4 155.31 2.04 CIRC
cp
f
N
172.4 181.87 2.04 CIRC
cp
f
N
172.4 167.2 2.04 CIRC
cp
f
N
172.4 153.74 2.04 CIRC
cp
f
N
172.4 160.82 2.04 CIRC
cp
f
N
172.4 144.51 2.04 CIRC
cp
f
N
172.4 158.17 2.04 CIRC
cp
f
N
172.4 154.18 2.04 CIRC
cp
f
N
172.4 156.51 2.04 CIRC
cp
f
N
172.4 139.34 2.04 CIRC
cp
f
N
215 146.41 2.04 CIRC
cp
f
N
215 162.28 2.04 CIRC
cp
f
N
215 97.18 2.04 CIRC
cp
f
N
215 123.22 2.04 CIRC
cp
f
N
215 149.12 2.04 CIRC
cp
f
N
215 124.8 2.04 CIRC
cp
f
N
215 126.86 2.04 CIRC
cp
f
N
215 161.09 2.04 CIRC
cp
f
N
215 125.49 2.04 CIRC
cp
f
N
215 136.61 2.04 CIRC
cp
f
N
215 91.56 2.04 CIRC
cp
f
N
215 134.12 2.04 CIRC
cp
f
N
215 158.63 2.04 CIRC
cp
f
N
215 140.8 2.04 CIRC
cp
f
N
215 128.48 2.04 CIRC
cp
f
N
252.53 77.34 2.04 CIRC
cp
f
N
252.53 158.16 2.04 CIRC
cp
f
N
252.53 137.57 2.04 CIRC
cp
f
N
252.53 122.09 2.04 CIRC
cp
f
N
252.53 115.61 2.04 CIRC
cp
f
N
252.53 127 2.04 CIRC
cp
f
N
252.53 124.84 2.04 CIRC
cp
f
N
252.53 125.09 2.04 CIRC
cp
f
N
252.53 159.43 2.04 CIRC
cp
f
N
252.53 125 2.04 CIRC
cp
f
N
252.53 93.96 2.04 CIRC
cp
f
N
252.53 157.23 2.04 CIRC
cp
f
N
252.53 117 2.04 CIRC
cp
f
N
252.53 104.28 2.04 CIRC
cp
f
N
252.53 118.46 2.04 CIRC
cp
f
N
286.47 75.35 2.04 CIRC
cp
f
N
286.47 89.59 2.04 CIRC
cp
f
N
286.47 99.63 2.04 CIRC
cp
f
N
286.47 110.72 2.04 CIRC
cp
f
N
286.47 77.1 2.04 CIRC
cp
f
N
286.47 84.78 2.04 CIRC
cp
f
N
286.47 113.06 2.04 CIRC
cp
f
N
286.47 130.91 2.04 CIRC
cp
f
N
286.47 140.88 2.04 CIRC
cp
f
N
286.47 133.01 2.04 CIRC
cp
f
N
286.47 136.29 2.04 CIRC
cp
f
N
286.47 163.49 2.04 CIRC
cp
f
N
286.47 145.46 2.04 CIRC
cp
f
N
286.47 114.01 2.04 CIRC
cp
f
N
286.47 173.89 2.04 CIRC
cp
f
N
346.72 123.9 2.04 CIRC
cp
f
N
346.72 81.71 2.04 CIRC
cp
f
N
346.72 102.35 2.04 CIRC
cp
f
N
346.72 99.3 2.04 CIRC
cp
f
N
346.72 101.62 2.04 CIRC
cp
f
N
346.72 83.5 2.04 CIRC
cp
f
N
346.72 133.59 2.04 CIRC
cp
f
N
346.72 106.98 2.04 CIRC
cp
f
N
346.72 76.34 2.04 CIRC
cp
f
N
346.72 66.55 2.04 CIRC
cp
f
N
346.72 127.11 2.04 CIRC
cp
f
N
346.72 53.44 2.04 CIRC
cp
f
N
346.72 114.69 2.04 CIRC
cp
f
N
346.72 69.54 2.04 CIRC
cp
f
N
346.72 133.97 2.04 CIRC
cp
f
3.33 2 0 [] 0 1.00 0.50 0.05 LAR
56 236.4 1 56 219.47 DL
121.86 215.66 1 121.86 197.03 DL
172.4 184.76 1 172.4 167.82 DL
215 155.97 1 215 132.69 DL
252.53 152.16 1 252.53 129.3 DL
286.47 135.23 1 286.47 103.05 DL
346.72 112.37 1 346.72 90.35 DL
56 202.54 1 56 219.47 DL
121.86 178.41 1 121.86 197.03 DL
172.4 150.89 1 172.4 167.82 DL
215 109.4 1 215 132.69 DL
252.53 106.44 1 252.53 129.3 DL
286.47 70.88 1 286.47 103.05 DL
346.72 68.34 1 346.72 90.35 DL
60.251 -12.7 33.934 -26.247 37.535 -3.387 42.604 -35.137 50.536 -29.21 65.86 -22.437 6 56 219.47 DRL
N
56 219.47 5 CIRC
cp
f
N
3.33 0 0 [] 0 1.00 0.50 0.05 LAR
56 219.47 5 CIRC
S
N
121.86 197.03 5 CIRC
cp
f
N
121.86 197.03 5 CIRC
S
N
172.4 167.82 5 CIRC
cp
f
N
172.4 167.82 5 CIRC
S
N
215 132.69 5 CIRC
cp
f
N
215 132.69 5 CIRC
S
N
252.53 129.3 5 CIRC
cp
f
N
252.53 129.3 5 CIRC
S
N
286.47 103.05 5 CIRC
cp
f
N
286.47 103.05 5 CIRC
S
N
346.72 90.35 5 CIRC
cp
f
N
346.72 90.35 5 CIRC
S
61 236.4 1 51 236.4 DL
126.86 215.66 1 116.86 215.66 DL
177.4 184.76 1 167.4 184.76 DL
220 155.97 1 210 155.97 DL
257.53 152.16 1 247.53 152.16 DL
291.47 135.23 1 281.47 135.23 DL
351.72 112.37 1 341.72 112.37 DL
61 202.54 1 51 202.54 DL
126.86 178.41 1 116.86 178.41 DL
177.4 150.89 1 167.4 150.89 DL
220 109.4 1 210 109.4 DL
257.53 106.44 1 247.53 106.44 DL
291.47 70.88 1 281.47 70.88 DL
351.72 68.34 1 341.72 68.34 DL
2.67 2 0 [8 8 ] 0 0.17 0.63 0.17 LAR
3.68 -1.756 3.68 -1.756 3.68 -1.756 3.68 -1.756 3.68 -1.756 3.68 -1.756 3.68 -1.756 3.68 -1.756 3.68 -1.756 3.68 -1.756 3.68 -1.756 3.68 -1.756 3.68 -1.756 3.68 -1.756 3.68 -1.756 3.68 -1.756 3.68 -1.756 
3.68 -1.756 3.68 -1.756 3.68 -1.756 3.68 -1.756 3.68 -1.756 3.68 -1.756 3.68 -1.756 3.68 -1.756 3.68 -1.756 3.68 -1.756 3.68 -1.756 3.68 -1.756 3.68 -1.756 3.68 -1.756 3.68 -1.756 3.68 -1.756 3.68 -1.756 
3.68 -1.756 3.68 -1.756 3.68 -1.756 3.68 -1.756 3.68 -1.756 3.68 -1.756 3.68 -1.756 3.68 -1.756 3.68 -1.756 3.68 -1.756 3.68 -1.756 3.68 -1.756 3.68 -1.756 3.68 -1.756 3.68 -1.756 3.68 -1.756 3.68 -1.756 
3.68 -1.756 3.68 -1.756 3.68 -1.756 3.68 -1.756 3.68 -1.756 3.68 -1.756 3.68 -1.756 3.68 -1.756 3.68 -1.756 3.68 -1.756 3.68 -1.756 3.68 -1.756 3.68 -1.756 3.68 -1.756 3.68 -1.756 3.68 -1.756 3.68 -1.756 
3.68 -1.756 3.68 -1.756 3.68 -1.756 3.68 -1.756 3.68 -1.756 3.68 -1.756 3.68 -1.756 3.68 -1.756 3.68 -1.756 3.68 -1.756 3.68 -1.756 79 56 220.71 DRL
/Arial-Bold 18.3333 F
0.13 GC
GS
62.72 37.35 M
1 -1 scale
(\(a\) Scaling fit) t
GR
0.73 0.84 0.91 RC
N
99.05 38.15 5 CIRC
cp
f
3.33 2 0 [] 0 1.00 0.50 0.05 LAR
124.1 54 1 74.01 54 DL
3.33 0 0 [] 0 1.00 0.50 0.05 LAR
104.05 59.71 1 94.05 59.71 DL
104.05 48.29 1 94.05 48.29 DL
3.33 2 0 [] 0 1.00 0.50 0.05 LAR
99.05 48.29 1 99.05 59.71 DL
N
99.05 54 5 CIRC
cp
f
N
3.33 0 0 [] 0 1.00 0.50 0.05 LAR
99.05 54 5 CIRC
S
2.67 2 0 [8 8 ] 0 0.17 0.63 0.17 LAR
124.1 69.85 1 74.01 69.85 DL
/Arial 13.5 F
0.13 GC
GS
127.86 42.65 M
1 -1 scale
(seeds) t
GR
GS
127.86 58.5 M
1 -1 scale
(mean +/- std) t
GR
GS
127.86 74.35 M
1 -1 scale
(linear fit) t
GR
1.00 GC
812 15 812 269 494 269 3 494 15 DPLF
1.33 2 0 [1 3 ] 0 0.90 LAG
516.16 269 1 516.16 15 DL
561.77 269 1 561.77 15 DL
607.39 269 1 607.39 15 DL
653 269 1 653 15 DL
698.61 269 1 698.61 15 DL
744.23 269 1 744.23 15 DL
789.84 269 1 789.84 15 DL
812 269 1 494 269 DL
812 226.67 1 494 226.67 DL
812 184.33 1 494 184.33 DL
812 142 1 494 142 DL
812 99.67 1 494 99.67 DL
812 57.33 1 494 57.33 DL
812 15 1 494 15 DL
0.83 2 0 [] 0 0.13 LAG
812 269 1 494 269 DL
0.12 0.47 0.71 RC
514.85 177.14 514.85 269 504.43 269 3 504.43 177.14 DPLF
560.47 154.7 560.47 269 550.04 269 3 550.04 154.7 DPLF
606.08 125.49 606.08 269 595.66 269 3 595.66 125.49 DPLF
651.7 90.35 651.7 269 641.27 269 3 641.27 90.35 DPLF
697.31 86.97 697.31 269 686.89 269 3 686.89 86.97 DPLF
742.93 60.72 742.93 269 732.5 269 3 732.5 60.72 DPLF
788.54 48.02 788.54 269 778.11 269 3 778.11 48.02 DPLF
0.83 0 0 [] 0 0.13 LAG
514.85 269 514.85 177.14 504.43 177.14 3 504.43 269 DPL
560.47 269 560.47 154.7 550.04 154.7 3 550.04 269 DPL
606.08 269 606.08 125.49 595.66 125.49 3 595.66 269 DPL
651.7 269 651.7 90.35 641.27 90.35 3 641.27 269 DPL
697.31 269 697.31 86.97 686.89 86.97 3 686.89 269 DPL
742.93 269 742.93 60.72 732.5 60.72 3 732.5 269 DPL
788.54 269 788.54 48.02 778.11 48.02 3 778.11 269 DPL
1.00 0.50 0.05 RC
527.89 184.33 527.89 269 517.46 269 3 517.46 184.33 DPLF
573.5 149.26 573.5 269 563.07 269 3 563.07 149.26 DPLF
619.11 122.35 619.11 269 608.69 269 3 608.69 122.35 DPLF
664.73 99.67 664.73 269 654.3 269 3 654.3 99.67 DPLF
710.34 79.68 710.34 269 699.92 269 3 699.92 79.68 DPLF
755.96 61.61 755.96 269 745.53 269 3 745.53 61.61 DPLF
801.57 29.53 801.57 269 791.15 269 3 791.15 29.53 DPLF
0.83 0 0 [] 0 0.13 LAG
527.89 269 527.89 184.33 517.46 184.33 3 517.46 269 DPL
573.5 269 573.5 149.26 563.07 149.26 3 563.07 269 DPL
619.11 269 619.11 122.35 608.69 122.35 3 608.69 269 DPL
664.73 269 664.73 99.67 654.3 99.67 3 654.3 269 DPL
710.34 269 710.34 79.68 699.92 79.68 3 699.92 269 DPL
755.96 269 755.96 61.61 745.53 61.61 3 745.53 269 DPL
801.57 269 801.57 29.53 791.15 29.53 3 791.15 269 DPL
/Arial 16.6667 F
GS
599.5 312.18 M
1 -1 scale
(Hidden width d) t
GR
1.33 2 2 [] 0 0.13 LAG
812 269 1 494 269 DL
516.16 269 1 516.16 272.18 DL
561.77 269 1 561.77 272.18 DL
607.39 269 1 607.39 272.18 DL
653 269 1 653 272.18 DL
698.61 269 1 698.61 272.18 DL
744.23 269 1 744.23 272.18 DL
789.84 269 1 789.84 272.18 DL
/Arial 15 F
GS
512.16 292.51 M
1 -1 scale
(4) t
GR
GS
557.77 292.51 M
1 -1 scale
(8) t
GR
GS
599.39 292.51 M
1 -1 scale
(12) t
GR
GS
645 292.51 M
1 -1 scale
(16) t
GR
GS
690.61 292.51 M
1 -1 scale
(20) t
GR
GS
736.23 292.51 M
1 -1 scale
(24) t
GR
GS
781.84 292.51 M
1 -1 scale
(32) t
GR
/Arial 16.6667 F
GS
466.49 162.5 M
1 -1 scale
90 R
(Value) t
GR
494 15 1 494 269 DL
494 269 1 490.82 269 DL
494 226.67 1 490.82 226.67 DL
494 184.33 1 490.82 184.33 DL
494 142 1 490.82 142 DL
494 99.67 1 490.82 99.67 DL
494 57.33 1 490.82 57.33 DL
494 15 1 490.82 15 DL
/Arial 15 F
GS
476.49 274 M
1 -1 scale
(0) t
GR
GS
476.49 231.67 M
1 -1 scale
(1) t
GR
GS
476.49 189.33 M
1 -1 scale
(2) t
GR
GS
476.49 147 M
1 -1 scale
(3) t
GR
GS
476.49 104.67 M
1 -1 scale
(4) t
GR
GS
476.49 62.33 M
1 -1 scale
(5) t
GR
GS
476.49 20 M
1 -1 scale
(6) t
GR
/Arial-Bold 18.3333 F
GS
500.72 37.35 M
1 -1 scale
(\(b\) Measured vs sqrt\(d\)) t
GR
0.12 0.47 0.71 RC
749.6 32.42 749.6 43.79 699.96 43.79 3 699.96 32.42 DPLF
0.83 0 0 [] 0 0.13 LAG
749.6 43.79 749.6 32.42 699.96 32.42 3 699.96 43.79 DPL
1.00 0.50 0.05 RC
749.6 48.21 749.6 59.58 699.96 59.58 3 699.96 48.21 DPLF
0.83 0 0 [] 0 0.13 LAG
749.6 59.58 749.6 48.21 699.96 48.21 3 699.96 59.58 DPL
/Arial 13.5 F
GS
753.33 42.61 M
1 -1 scale
(ratio) t
GR
GS
753.33 58.39 M
1 -1 scale
(sqrt\(d\)) t
GR
%%Trailer
%%Pages: 1
%%EOF
