%!PS-Adobe-3.0 EPSF-3.0
%%Creator: (MATLAB, The MathWorks, Inc. Version 25.2.0.2998904 R2025b. Operating System: Microsoft Windows 11 家庭版 中文版)
%%Title: ./fig06_adaptive_lut.eps
%%CreationDate: 2026-07-10T13:56:50
%%Pages: (atend)
%%BoundingBox:    0     0   483   184
%%LanguageLevel: 3
%%EndComments
/bd{bind def}bind def
/ld{load def}bd
/GR/grestore ld
/GS/gsave ld
/RM/rmoveto ld
/C/curveto ld
/t/show ld
/L/lineto ld
/RL/rlineto ld
/ML/setmiterlimit ld
/CT/concat ld
/f/fill ld
/N/newpath ld
/S/stroke ld
/CC/setcmykcolor ld
/A/ashow ld
/cp/closepath ld
/RC/setrgbcolor ld
/LJ/setlinejoin ld
/GC/setgray ld
/LW/setlinewidth ld
/LC/setlinecap ld
/LJ/setlinejoin ld
/SD/setdash ld
/M/moveto ld
/TX/translate ld
/R/rotate ld
/SC/scale ld

/CIRC {0 360 arc}bd
/F {exch findfont exch scalefont setfont}bd
/edef{ exch def } def
/scaleImg{ % width height outputDPI scaleImg
   /outputDPI edef
   /height edef
   /width edef
   /psDPI 72 def
   /sDPI psDPI outputDPI div def % DPI scale
   width sDPI mul % width * (psDPI / outputDPI)
   height sDPI mul
   scale
} def

% LineAttribute methods.linewidth linejoin linecap [dashpattern] dashOffset colorVal(s) <method>
/LAG {setgray setdash setlinecap setlinejoin setlinewidth} bd
/LAR {setrgbcolor setdash setlinecap setlinejoin setlinewidth} bd
/LAC {setcmykcolor setdash setlinecap setlinejoin setlinewidth} bd

% draw line impl
/DL { % VertexList NVerts StartPt DL
  N moveto { lineto } repeat stroke} def
% draw unfilled polyline impl
/DPL { % VertexList NVerts StartPt DPL
  N moveto { lineto } repeat closepath stroke} def
% draw filled polyline impl
/DPLF { % VertexList NVerts StartPt DPLF
  N moveto { lineto } repeat closepath fill } def
/DRL { % VertexList NVerts StartPt DRL
  N moveto { rlineto } repeat stroke} def
% draw unfilled polyline impl
/DRPL { % VertexList NVerts StartPt DRPL
  N moveto { rlineto } repeat closepath stroke} def
% draw filled polyline impl
/DRPLF { % VertexList NVerts StartPt DRPLF
  N moveto { rlineto } repeat closepath fill } def

%%Page: 1 1
%%PageBoundingBox:    0     0   483   184
%%BeginPageSetup
N
0 0 M
482.8 0 L
482.8 183.65 L
0 183.65 L
cp
clip
1.00 GC
0 183.65 482.8 183.65 482.8 0 3 0 0 DPLF
[   0.6 0 0  -0.6 0 183.654] CT
%%EndPageSetup
-8 -9 TX
1.00 LW
383 17 383 269 74 269 3 74 17 DPLF
1.33 2 0 [1 3 ] 0 0.90 LAG
74 17 1 74 269 DL
151.25 17 1 151.25 269 DL
228.5 17 1 228.5 269 DL
305.75 17 1 305.75 269 DL
383 17 1 383 269 DL
1.33 2 0 [1 3 ] 0 0.87 LAG
74 231.07 1 383 231.07 DL
74 208.88 1 383 208.88 DL
74 193.14 1 383 193.14 DL
74 180.93 1 383 180.93 DL
74 170.95 1 383 170.95 DL
74 162.52 1 383 162.52 DL
74 155.21 1 383 155.21 DL
74 148.77 1 383 148.77 DL
74 105.07 1 383 105.07 DL
74 82.88 1 383 82.88 DL
74 67.14 1 383 67.14 DL
74 54.93 1 383 54.93 DL
74 44.95 1 383 44.95 DL
74 36.52 1 383 36.52 DL
74 29.21 1 383 29.21 DL
74 22.77 1 383 22.77 DL
1.33 2 0 [1 3 ] 0 0.90 LAG
74 269 1 383 269 DL
74 143 1 383 143 DL
74 17 1 383 17 DL
1.33 2 2 [] 0 0.13 LAG
383 269 1 74 269 DL
74 272.09 1 74 269 DL
151.25 272.09 1 151.25 269 DL
228.5 272.09 1 228.5 269 DL
305.75 272.09 1 305.75 269 DL
383 272.09 1 383 269 DL
/Arial 15 F
GS
66 292.42 M
1 -1 scale
(10) t
GR
GS
143.25 292.42 M
1 -1 scale
(20) t
GR
GS
220.5 292.42 M
1 -1 scale
(30) t
GR
GS
297.75 292.42 M
1 -1 scale
(40) t
GR
GS
375 292.42 M
1 -1 scale
(50) t
GR
/Arial 16.6667 F
GS
138 312.09 M
1 -1 scale
(LUT points per function N) t
GR
74 17 1 74 269 DL
70.91 269 1 74 269 DL
70.91 143 1 74 143 DL
70.91 17 1 74 17 DL
72.46 269 1 74 269 DL
72.46 231.07 1 74 231.07 DL
72.46 208.88 1 74 208.88 DL
72.46 193.14 1 74 193.14 DL
72.46 180.93 1 74 180.93 DL
72.46 170.95 1 74 170.95 DL
72.46 162.52 1 74 162.52 DL
72.46 155.21 1 74 155.21 DL
72.46 148.77 1 74 148.77 DL
72.46 143 1 74 143 DL
72.46 105.07 1 74 105.07 DL
72.46 82.88 1 74 82.88 DL
72.46 67.14 1 74 67.14 DL
72.46 54.93 1 74 54.93 DL
72.46 44.95 1 74 44.95 DL
72.46 36.52 1 74 36.52 DL
72.46 29.21 1 74 29.21 DL
72.46 22.77 1 74 22.77 DL
72.46 17 1 74 17 DL
/Arial 15 F
GS
39 276 M
1 -1 scale
(10) t
GR
/Arial 12 F
GS
55 269 M
1 -1 scale
(-4) t
GR
/Arial 15 F
GS
39 150 M
1 -1 scale
(10) t
GR
/Arial 12 F
GS
55 143 M
1 -1 scale
(-3) t
GR
/Arial 15 F
GS
39 24 M
1 -1 scale
(10) t
GR
/Arial 12 F
GS
55 17 M
1 -1 scale
(-2) t
GR
/Arial 16.6667 F
GS
20 244 M
1 -1 scale
90 R
(Worst-case LUT error \(log) t
GR
/Arial 13.3333 F
GS
28 61 M
1 -1 scale
90 R
(10) t
GR
/Arial 16.6667 F
GS
20 47 M
1 -1 scale
90 R
(\)) t
GR
3.33 2 0 [] 0 0.12 0.47 0.71 LAR
38.625 14.357 38.625 11.362 38.625 14.881 38.625 15.742 38.625 19.518 38.625 23.092 38.625 34.696 38.625 51.364 8 74 83.99 DRL
N
74 83.99 5 CIRC
cp
f
N
3.33 0 0 [] 0 0.12 0.47 0.71 LAR
74 83.99 5 CIRC
S
N
112.62 135.35 5 CIRC
cp
f
N
112.62 135.35 5 CIRC
S
N
151.25 170.05 5 CIRC
cp
f
N
151.25 170.05 5 CIRC
S
N
189.88 193.14 5 CIRC
cp
f
N
189.88 193.14 5 CIRC
S
N
228.5 212.66 5 CIRC
cp
f
N
228.5 212.66 5 CIRC
S
N
267.12 228.4 5 CIRC
cp
f
N
267.12 228.4 5 CIRC
S
N
305.75 243.28 5 CIRC
cp
f
N
305.75 243.28 5 CIRC
S
N
344.38 254.64 5 CIRC
cp
f
N
344.38 254.64 5 CIRC
S
N
383 269 5 CIRC
cp
f
N
383 269 5 CIRC
S
3.33 2 0 [12 12 ] 0 1.00 0.50 0.05 LAR
38.625 11.632 38.625 12.443 38.625 13.855 38.625 16.101 38.625 19.249 38.625 22.813 38.625 33.529 38.625 48.332 8 74 17.99 DRL
77.9 14.09 77.9 21.89 70.1 21.89 3 70.1 14.09 DPLF
3.33 0 0 [] 0 1.00 0.50 0.05 LAR
77.9 14.09 77.9 21.89 70.1 21.89 3 70.1 14.09 DPL
116.53 62.43 116.53 70.23 108.72 70.23 3 108.72 62.43 DPLF
116.53 62.43 116.53 70.23 108.72 70.23 3 108.72 62.43 DPL
155.15 95.95 155.15 103.75 147.35 103.75 3 147.35 95.95 DPLF
155.15 95.95 155.15 103.75 147.35 103.75 3 147.35 95.95 DPL
193.77 118.77 193.77 126.57 185.98 126.57 3 185.98 118.77 DPLF
193.77 118.77 193.77 126.57 185.98 126.57 3 185.98 118.77 DPL
232.4 138.02 232.4 145.82 224.6 145.82 3 224.6 138.02 DPLF
232.4 138.02 232.4 145.82 224.6 145.82 3 224.6 138.02 DPL
271.02 154.12 271.02 161.92 263.23 161.92 3 263.23 154.12 DPLF
271.02 154.12 271.02 161.92 263.23 161.92 3 263.23 154.12 DPL
309.65 167.97 309.65 175.77 301.85 175.77 3 301.85 167.97 DPLF
309.65 167.97 309.65 175.77 301.85 175.77 3 301.85 167.97 DPL
348.27 180.42 348.27 188.22 340.48 188.22 3 340.48 180.42 DPLF
348.27 180.42 348.27 188.22 340.48 188.22 3 340.48 180.42 DPL
386.9 192.05 386.9 199.85 379.1 199.85 3 379.1 192.05 DPLF
386.9 192.05 386.9 199.85 379.1 199.85 3 379.1 192.05 DPL
/Arial-Bold 18.3333 F
0.13 GC
GS
80.56 39.3 M
1 -1 scale
(\(a\) Adaptive vs uniform) t
GR
3.33 2 0 [] 0 0.12 0.47 0.71 LAR
305.12 40.82 1 255.01 40.82 DL
N
280.06 40.82 5 CIRC
cp
f
N
3.33 0 0 [] 0 0.12 0.47 0.71 LAR
280.06 40.82 5 CIRC
S
3.33 2 0 [12 12 ] 0 1.00 0.50 0.05 LAR
305.12 56.18 1 255.01 56.18 DL
283.96 52.28 283.96 60.08 276.16 60.08 3 276.16 52.28 DPLF
3.33 0 0 [] 0 1.00 0.50 0.05 LAR
283.96 52.28 283.96 60.08 276.16 60.08 3 276.16 52.28 DPL
/Arial 13.5 F
0.13 GC
GS
308.87 45.32 M
1 -1 scale
(Adaptive) t
GR
GS
308.87 60.68 M
1 -1 scale
(Uniform) t
GR
1.00 GC
812 17 812 269 503 269 3 503 17 DPLF
1.33 2 0 [1 3 ] 0 0.90 LAG
528.13 269 1 528.13 17 DL
579.88 269 1 579.88 17 DL
631.63 269 1 631.63 17 DL
683.37 269 1 683.37 17 DL
735.12 269 1 735.12 17 DL
786.87 269 1 786.87 17 DL
812 269 1 503 269 DL
812 218.6 1 503 218.6 DL
812 168.2 1 503 168.2 DL
812 117.8 1 503 117.8 DL
812 67.4 1 503 67.4 DL
812 17 1 503 17 DL
0.83 2 0 [] 0 0.13 LAG
812 269 1 503 269 DL
0.12 0.47 0.71 RC
526.66 194.91 526.66 269 514.83 269 3 514.83 194.91 DPLF
578.4 240.02 578.4 269 566.57 269 3 566.57 240.02 DPLF
630.15 253.63 630.15 269 618.32 269 3 618.32 253.63 DPLF
681.89 261.94 681.89 269 670.07 269 3 670.07 261.94 DPLF
733.64 264.97 733.64 269 721.81 269 3 721.81 264.97 DPLF
785.39 266.48 785.39 269 773.56 269 3 773.56 266.48 DPLF
0.83 0 0 [] 0 0.13 LAG
526.66 269 526.66 194.91 514.83 194.91 3 514.83 269 DPL
578.4 269 578.4 240.02 566.57 240.02 3 566.57 269 DPL
630.15 269 630.15 253.63 618.32 253.63 3 618.32 269 DPL
681.89 269 681.89 261.94 670.07 261.94 3 670.07 269 DPL
733.64 269 733.64 264.97 721.81 264.97 3 721.81 269 DPL
785.39 269 785.39 266.48 773.56 266.48 3 773.56 269 DPL
1.00 0.50 0.05 RC
541.44 21.54 541.44 269 529.61 269 3 529.61 21.54 DPLF
593.19 166.69 593.19 269 581.36 269 3 581.36 166.69 DPLF
644.93 213.56 644.93 269 633.11 269 3 633.11 213.56 DPLF
696.68 243.3 696.68 269 684.85 269 3 684.85 243.3 DPLF
748.43 254.13 748.43 269 736.6 269 3 736.6 254.13 DPLF
800.17 259.42 800.17 269 788.34 269 3 788.34 259.42 DPLF
0.83 0 0 [] 0 0.13 LAG
541.44 269 541.44 21.54 529.61 21.54 3 529.61 269 DPL
593.19 269 593.19 166.69 581.36 166.69 3 581.36 269 DPL
644.93 269 644.93 213.56 633.11 213.56 3 633.11 269 DPL
696.68 269 696.68 243.3 684.85 243.3 3 684.85 269 DPL
748.43 269 748.43 254.13 736.6 254.13 3 736.6 269 DPL
800.17 269 800.17 259.42 788.34 259.42 3 788.34 269 DPL
/Arial 16.6667 F
GS
610.5 312.09 M
1 -1 scale
(LUT points N) t
GR
1.33 2 2 [] 0 0.13 LAG
812 269 1 503 269 DL
528.13 269 1 528.13 272.09 DL
579.88 269 1 579.88 272.09 DL
631.63 269 1 631.63 272.09 DL
683.37 269 1 683.37 272.09 DL
735.12 269 1 735.12 272.09 DL
786.87 269 1 786.87 272.09 DL
/Arial 15 F
GS
520.13 292.42 M
1 -1 scale
(10) t
GR
GS
571.88 292.42 M
1 -1 scale
(15) t
GR
GS
623.63 292.42 M
1 -1 scale
(20) t
GR
GS
675.37 292.42 M
1 -1 scale
(30) t
GR
GS
727.12 292.42 M
1 -1 scale
(40) t
GR
GS
778.87 292.42 M
1 -1 scale
(50) t
GR
/Arial 16.6667 F
GS
446.58 219 M
1 -1 scale
90 R
(Worst-case LUT error) t
GR
503 17 1 503 269 DL
503 269 1 499.91 269 DL
503 218.6 1 499.91 218.6 DL
503 168.2 1 499.91 168.2 DL
503 117.8 1 499.91 117.8 DL
503 67.4 1 499.91 67.4 DL
503 17 1 499.91 17 DL
/Arial 15 F
GS
485.58 274 M
1 -1 scale
(0) t
GR
GS
457.58 223.6 M
1 -1 scale
(0.002) t
GR
GS
457.58 173.2 M
1 -1 scale
(0.004) t
GR
GS
457.58 122.8 M
1 -1 scale
(0.006) t
GR
GS
457.58 72.4 M
1 -1 scale
(0.008) t
GR
GS
465.58 22 M
1 -1 scale
(0.01) t
GR
/Arial-Bold 18.3333 F
GS
509.56 39.3 M
1 -1 scale
(\(b\) Per-resolution comparison) t
GR
0.12 0.47 0.71 RC
734.65 35.3 734.65 46.35 684.97 46.35 3 684.97 35.3 DPLF
0.83 0 0 [] 0 0.13 LAG
734.65 46.35 734.65 35.3 684.97 35.3 3 684.97 46.35 DPL
1.00 0.50 0.05 RC
734.65 50.65 734.65 61.7 684.97 61.7 3 684.97 50.65 DPLF
0.83 0 0 [] 0 0.13 LAG
734.65 61.7 734.65 50.65 684.97 50.65 3 684.97 61.7 DPL
/Arial 13.5 F
GS
738.38 45.32 M
1 -1 scale
(Adaptive) t
GR
GS
738.38 60.68 M
1 -1 scale
(Uniform) t
GR
%%Trailer
%%Pages: 1
%%EOF
